{
"metadata": {
    "version": {
        "essentia": "2.1-beta1",
        "essentia_git_sha": "v2.1_beta1-216-ge1b29eb",
        "extractor": "music 1.0"
    },
    "audio_properties": {
        "analysis_sample_rate": 44100,
        "bit_rate": 128000,
        "equal_loudness": 0,
        "length": 34.6122436523,
        "lossless": 0,
        "replay_gain": -0.389619827271,
        "sample_rate": 44100,
        "codec": "mp3",
        "downmix": "mix",
        "md5_encoded": "272101db8143431ce9a8fd0853e57ce8"
    },
    "ids": {
        "internet_archive_file": "https:\/\/archive.org\/download\/ValveSONG\/https:\/\/archive.org\/download\/ValveSONG\/HL1_song11.mp3",
        "internet_archive_id": "https:\/\/archive.org\/details\/ValveSONG"
    },
    "tags": {
        "file_name": "HL1_song11.mp3",
        "date": ["2004"],
        "engineer": ["kelly bailey"],
        "genre": ["Blues"]
    }
},
"lowlevel": {
    "average_loudness": 0.380542576313,
    "barkbands_crest": {
        "dmean": 3.0339410305,
        "dmean2": 4.84749984741,
        "dvar": 6.53668546677,
        "dvar2": 17.4769039154,
        "max": 26.4856834412,
        "mean": 15.1552066803,
        "median": 14.9707374573,
        "min": 3.61770534515,
        "var": 18.7826881409
    },
    "barkbands_flatness_db": {
        "dmean": 0.0364316143095,
        "dmean2": 0.0547391846776,
        "dvar": 0.00115289899986,
        "dvar2": 0.00232714531012,
        "max": 0.570946633816,
        "mean": 0.3538005054,
        "median": 0.345502853394,
        "min": 0.0439333692193,
        "var": 0.00971137173474
    },
    "barkbands_kurtosis": {
        "dmean": 15.3752975464,
        "dmean2": 24.3735160828,
        "dvar": 755.27722168,
        "dvar2": 1928.74804688,
        "max": 434.909301758,
        "mean": 28.3148021698,
        "median": 17.5089302063,
        "min": -1.95413374901,
        "var": 1284.9440918
    },
    "barkbands_skewness": {
        "dmean": 1.07154929638,
        "dmean2": 1.67610991001,
        "dvar": 1.37849342823,
        "dvar2": 3.27119374275,
        "max": 17.8551998138,
        "mean": 3.61023378372,
        "median": 3.2341272831,
        "min": -1.83442950249,
        "var": 4.29116201401
    },
    "barkbands_spread": {
        "dmean": 1.97621405125,
        "dmean2": 3.2087533474,
        "dvar": 14.3185634613,
        "dvar2": 36.135433197,
        "max": 79.5382919312,
        "mean": 5.13281202316,
        "median": 2.34387350082,
        "min": 0.194983556867,
        "var": 48.3055877686
    },
    "dissonance": {
        "dmean": 0.0254453327507,
        "dmean2": 0.0423425287008,
        "dvar": 0.000693516572937,
        "dvar2": 0.00179098069202,
        "max": 0.499275386333,
        "mean": 0.439107626677,
        "median": 0.453563511372,
        "min": 0.196025028825,
        "var": 0.00254998239689
    },
    "dynamic_complexity": 7.28400754929,
    "erbbands_crest": {
        "dmean": 2.94405865669,
        "dmean2": 4.80631065369,
        "dvar": 7.30212116241,
        "dvar2": 18.2109222412,
        "max": 32.506401062,
        "mean": 12.1980953217,
        "median": 11.102678299,
        "min": 2.78920292854,
        "var": 27.7141742706
    },
    "erbbands_flatness_db": {
        "dmean": 0.0242586955428,
        "dmean2": 0.035373236984,
        "dvar": 0.000552017416339,
        "dvar2": 0.00103465968277,
        "max": 0.437476962805,
        "mean": 0.247401833534,
        "median": 0.241778314114,
        "min": 0.0647545680404,
        "var": 0.00423088716343
    },
    "erbbands_kurtosis": {
        "dmean": 3.22014927864,
        "dmean2": 5.03697013855,
        "dvar": 40.300655365,
        "dvar2": 90.9226531982,
        "max": 140.710861206,
        "mean": 4.94358587265,
        "median": 1.26478004456,
        "min": -1.91116940975,
        "var": 91.6217422485
    },
    "erbbands_skewness": {
        "dmean": 0.626835405827,
        "dmean2": 0.956464231014,
        "dvar": 0.426277786493,
        "dvar2": 0.977590918541,
        "max": 9.96572589874,
        "mean": 0.985622465611,
        "median": 0.963188409805,
        "min": -7.46467113495,
        "var": 3.30787992477
    },
    "erbbands_spread": {
        "dmean": 7.27833461761,
        "dmean2": 11.3795022964,
        "dvar": 64.4712524414,
        "dvar2": 144.688690186,
        "max": 107.224090576,
        "mean": 28.2330608368,
        "median": 26.8616142273,
        "min": 1.89546298981,
        "var": 322.949645996
    },
    "hfc": {
        "dmean": 2.45361828804,
        "dmean2": 3.80645537376,
        "dvar": 31.3575458527,
        "dvar2": 69.5333786011,
        "max": 140.820007324,
        "mean": 6.79817771912,
        "median": 2.51780462265,
        "min": 1.18281904216e-16,
        "var": 115.211273193
    },
    "melbands_crest": {
        "dmean": 2.92808842659,
        "dmean2": 4.78887653351,
        "dvar": 6.9810757637,
        "dvar2": 18.3265132904,
        "max": 31.8535690308,
        "mean": 18.6425991058,
        "median": 18.8242607117,
        "min": 2.37643766403,
        "var": 14.6341686249
    },
    "melbands_flatness_db": {
        "dmean": 0.040861479938,
        "dmean2": 0.0598587915301,
        "dvar": 0.00154446531087,
        "dvar2": 0.00290020415559,
        "max": 0.738260924816,
        "mean": 0.470196157694,
        "median": 0.461782813072,
        "min": 0.00555993430316,
        "var": 0.0139093091711
    },
    "melbands_kurtosis": {
        "dmean": 20.6762733459,
        "dmean2": 31.8980712891,
        "dvar": 741.933105469,
        "dvar2": 1688.17041016,
        "max": 314.235137939,
        "mean": 45.3701477051,
        "median": 34.3713989258,
        "min": -1.94259464741,
        "var": 1680.1385498
    },
    "melbands_skewness": {
        "dmean": 1.1026494503,
        "dmean2": 1.71869969368,
        "dvar": 1.19422185421,
        "dvar2": 2.81606435776,
        "max": 12.8929204941,
        "mean": 4.36062335968,
        "median": 4.11224460602,
        "min": -1.25761759281,
        "var": 4.59842205048
    },
    "melbands_spread": {
        "dmean": 1.97570633888,
        "dmean2": 3.17545866966,
        "dvar": 20.3588161469,
        "dvar2": 42.0445671082,
        "max": 133.641067505,
        "mean": 4.66942977905,
        "median": 1.8526558876,
        "min": 0.295233279467,
        "var": 70.8175811768
    },
    "pitch_salience": {
        "dmean": 0.0952834635973,
        "dmean2": 0.153059229255,
        "dvar": 0.00801688898355,
        "dvar2": 0.0204954706132,
        "max": 0.916897594929,
        "mean": 0.408358544111,
        "median": 0.403482377529,
        "min": 0.0584188885987,
        "var": 0.0226159617305
    },
    "silence_rate_20dB": {
        "dmean": 0.00804828945547,
        "dmean2": 0.0161073822528,
        "dvar": 0.00798357930034,
        "dvar2": 0.0198747292161,
        "max": 1,
        "mean": 0.990616619587,
        "median": 1,
        "min": 0,
        "var": 0.00929511431605
    },
    "silence_rate_30dB": {
        "dmean": 0.0549966469407,
        "dmean2": 0.110067114234,
        "dvar": 0.0519698895514,
        "dvar2": 0.123456120491,
        "max": 1,
        "mean": 0.8431635499,
        "median": 1,
        "min": 0,
        "var": 0.132238149643
    },
    "silence_rate_60dB": {
        "dmean": 0.0523138828576,
        "dmean2": 0.104697987437,
        "dvar": 0.049577228725,
        "dvar2": 0.112527735531,
        "max": 1,
        "mean": 0.230562999845,
        "median": 0,
        "min": 0,
        "var": 0.177403017879
    },
    "spectral_centroid": {
        "dmean": 100.268455505,
        "dmean2": 148.63633728,
        "dvar": 68438.5859375,
        "dvar2": 78383.6796875,
        "max": 11202.9433594,
        "mean": 394.991119385,
        "median": 260.204956055,
        "min": 97.3807983398,
        "var": 183183.03125
    },
    "spectral_complexity": {
        "dmean": 1.42857146263,
        "dmean2": 2.30067110062,
        "dvar": 4.33212947845,
        "dvar2": 8.20082473755,
        "max": 44,
        "mean": 5.83109903336,
        "median": 4,
        "min": 0,
        "var": 35.5262641907
    },
    "spectral_decrease": {
        "dmean": 4.91351492826e-09,
        "dmean2": 7.98804400404e-09,
        "dvar": 1.49765629175e-16,
        "dvar2": 4.323878732e-16,
        "max": -1.06804840441e-28,
        "mean": -1.20261827163e-08,
        "median": -3.50979845187e-09,
        "min": -2.27094602678e-07,
        "var": 3.50127897951e-16
    },
    "spectral_energy": {
        "dmean": 0.0187344942242,
        "dmean2": 0.0304446145892,
        "dvar": 0.00216913805343,
        "dvar2": 0.00625301897526,
        "max": 0.863511681557,
        "mean": 0.0460060872138,
        "median": 0.0137023897842,
        "min": 1.11316191113e-20,
        "var": 0.00510809291154
    },
    "spectral_energyband_high": {
        "dmean": 1.33788216772e-05,
        "dmean2": 1.95144220925e-05,
        "dvar": 5.53633139333e-09,
        "dvar2": 1.19793615028e-08,
        "max": 0.00192013627384,
        "mean": 1.65877354448e-05,
        "median": 1.22006520087e-06,
        "min": 7.87188207082e-21,
        "var": 7.23296089689e-09
    },
    "spectral_energyband_low": {
        "dmean": 0.0180188957602,
        "dmean2": 0.0300007965416,
        "dvar": 0.00216019083746,
        "dvar2": 0.00645566964522,
        "max": 0.849454879761,
        "mean": 0.0392125472426,
        "median": 0.0104248356074,
        "min": 6.44375350631e-23,
        "var": 0.0040791654028
    },
    "spectral_energyband_middle_high": {
        "dmean": 0.000446070887847,
        "dmean2": 0.000713819463272,
        "dvar": 2.29738634516e-06,
        "dvar2": 5.10551353727e-06,
        "max": 0.0398227870464,
        "mean": 0.00109677924775,
        "median": 0.00013711390784,
        "min": 1.72890057844e-21,
        "var": 7.15195801604e-06
    },
    "spectral_energyband_middle_low": {
        "dmean": 0.00457036728039,
        "dmean2": 0.0072400146164,
        "dvar": 0.00016884985962,
        "dvar2": 0.000398381613195,
        "max": 0.22456048429,
        "mean": 0.00997205544263,
        "median": 0.00193114532158,
        "min": 6.11217204378e-22,
        "var": 0.000385530642234
    },
    "spectral_entropy": {
        "dmean": 0.258281826973,
        "dmean2": 0.378429979086,
        "dvar": 0.0708898156881,
        "dvar2": 0.128616496921,
        "max": 9.79287910461,
        "mean": 6.19026136398,
        "median": 6.22768974304,
        "min": 4.33442687988,
        "var": 0.697911262512
    },
    "spectral_flux": {
        "dmean": 0.0286048464477,
        "dmean2": 0.0461532063782,
        "dvar": 0.00167345069349,
        "dvar2": 0.00371365202591,
        "max": 0.607263624668,
        "mean": 0.0714344605803,
        "median": 0.0471491292119,
        "min": 2.82667031115e-07,
        "var": 0.00550249498338
    },
    "spectral_kurtosis": {
        "dmean": 12.2715549469,
        "dmean2": 19.1874771118,
        "dvar": 263.596832275,
        "dvar2": 574.898986816,
        "max": 331.994110107,
        "mean": 31.4464569092,
        "median": 16.3058013916,
        "min": -1.16595053673,
        "var": 1426.86206055
    },
    "spectral_rms": {
        "dmean": 0.0010523829842,
        "dmean2": 0.00165805930737,
        "dvar": 2.45972546509e-06,
        "dvar2": 6.28583984508e-06,
        "max": 0.0290249958634,
        "mean": 0.0052071143873,
        "median": 0.00365624972619,
        "min": 3.2954691493e-12,
        "var": 1.77700112545e-05
    },
    "spectral_rolloff": {
        "dmean": 122.324401855,
        "dmean2": 220.620574951,
        "dvar": 354343.1875,
        "dvar2": 773851.3125,
        "max": 18389.3554688,
        "mean": 298.591552734,
        "median": 150.732421875,
        "min": 64.599609375,
        "var": 654477.125
    },
    "spectral_skewness": {
        "dmean": 0.819624722004,
        "dmean2": 1.2558825016,
        "dvar": 0.717905640602,
        "dvar2": 1.43262279034,
        "max": 15.3742637634,
        "mean": 3.72206687927,
        "median": 2.9912815094,
        "min": -0.0226633064449,
        "var": 5.36428022385
    },
    "spectral_spread": {
        "dmean": 503760.625,
        "dmean2": 744541.125,
        "dvar": 843021746176,
        "dvar2": 1.00367997338e+12,
        "max": 39556452,
        "mean": 2368930,
        "median": 2238153.5,
        "min": 416794.625,
        "var": 1.99121764352e+12
    },
    "spectral_strongpeak": {
        "dmean": 0.212200760841,
        "dmean2": 0.367660671473,
        "dvar": 0.143525287509,
        "dvar2": 0.356971204281,
        "max": 4.75390911102,
        "mean": 0.428428947926,
        "median": 0.272019803524,
        "min": 0,
        "var": 0.2661447227
    },
    "zerocrossingrate": {
        "dmean": 0.00321460003033,
        "dmean2": 0.00446007214487,
        "dvar": 0.000137261944474,
        "dvar2": 0.000273949641269,
        "max": 0.50732421875,
        "mean": 0.0137870730832,
        "median": 0.00927734375,
        "min": 0.00244140625,
        "var": 0.000473203079309
    },
    "barkbands": {
        "dmean": [0.000188731355593, 0.0128199160099, 0.00736430892721, 0.00272095808759, 0.0020791569259, 0.000686437881086, 9.64570426731e-05, 7.58244932513e-05, 7.46069708839e-05, 6.89937078278e-05, 3.31025730702e-05, 0.000175781970029, 0.000125589242089, 7.58895184845e-05, 9.32421098696e-05, 4.23204837716e-05, 2.82567634713e-05, 1.63954846357e-05, 1.60812887771e-05, 7.26773259885e-06, 4.93346578878e-06, 1.6223818875e-06, 9.81031803349e-07, 6.64687604512e-07, 3.171030869e-07, 1.79217451546e-07, 5.90161297609e-09],
        "dmean2": [0.000316278426908, 0.0216271299869, 0.0117351580411, 0.00442145159468, 0.00345144583844, 0.00118214462418, 0.000156367881573, 0.000121353295981, 0.000126557686599, 0.00011431719031, 5.80129744776e-05, 0.000291600590572, 0.000190617909539, 0.000123212288599, 0.000159880641149, 6.96360002621e-05, 4.49475191999e-05, 2.55156828644e-05, 2.6594112569e-05, 1.16257942864e-05, 7.72461771703e-06, 2.46364857048e-06, 1.51739641296e-06, 9.6095209301e-07, 5.03229784954e-07, 2.81184497908e-07, 1.0665820227e-08],
        "dvar": [2.93944731311e-06, 0.00141284486745, 0.000388304499211, 6.93688343745e-05, 4.80270427943e-05, 3.28532087224e-06, 1.17632929175e-07, 1.74068603087e-07, 1.31455038854e-07, 6.67644997066e-08, 1.55122652501e-08, 6.01408657985e-07, 1.34590834477e-07, 2.00073998258e-07, 1.95022209937e-07, 4.99791532604e-08, 1.44636755905e-08, 1.03897379589e-08, 8.06723221558e-09, 2.31464336586e-09, 8.90492235506e-10, 6.38267355635e-11, 2.67506954088e-11, 3.74724522245e-11, 2.22924196464e-12, 6.15849331167e-13, 7.0011063563e-16],
        "dvar2": [8.11363406683e-06, 0.00426365155727, 0.00104494416155, 0.000175966357347, 0.000117630996101, 9.82201163424e-06, 2.96586790682e-07, 3.49079499529e-07, 3.57268390871e-07, 1.76580300604e-07, 4.24768558105e-08, 1.59683065704e-06, 3.16233240483e-07, 4.33809901779e-07, 5.35040840077e-07, 1.12142281239e-07, 2.99681701676e-08, 2.47186360269e-08, 2.16606217407e-08, 5.44667333457e-09, 1.96228011617e-09, 1.58757285096e-10, 6.01296512581e-11, 5.92747170791e-11, 4.95486117413e-12, 1.40878346315e-12, 1.99338404466e-15],
        "max": [0.0484631285071, 0.685013234615, 0.254546374083, 0.173870161176, 0.120753005147, 0.0227572545409, 0.00492314435542, 0.0121329650283, 0.00633230619133, 0.00350736523978, 0.00215312233195, 0.0197718720883, 0.00892445910722, 0.0108101190999, 0.00976481195539, 0.00501618348062, 0.00279068876989, 0.00270427623764, 0.00197239010595, 0.00127928738948, 0.000660762307234, 0.000201380215003, 0.00010982677486, 0.000209946767427, 2.84782308881e-05, 2.00881786441e-05, 5.49114929527e-07],
        "mean": [0.000170718907611, 0.0234213676304, 0.0113391568884, 0.0053429286927, 0.00329935294576, 0.00102350418456, 0.000122238416225, 9.41439648159e-05, 6.9216999691e-05, 7.85607917351e-05, 3.8340473111e-05, 0.00031053784187, 0.000254237500485, 0.000115347633255, 0.000148370701936, 6.25594475423e-05, 5.01532376802e-05, 2.43766899075e-05, 2.20106412598e-05, 9.30057831283e-06, 5.62347349842e-06, 1.72473096427e-06, 1.07321432097e-06, 9.31737702103e-07, 3.39081850598e-07, 1.72763989781e-07, 5.1354809294e-09],
        "median": [1.39210551424e-05, 0.00576354563236, 0.00309570645913, 0.000633382471278, 0.000550459080841, 0.000120838230941, 2.49043569056e-05, 7.27449423721e-06, 1.14700978884e-05, 7.96861422714e-06, 8.78311948327e-06, 1.46838865476e-05, 1.46852544276e-05, 3.92421861761e-06, 3.74108594769e-06, 2.45569071922e-06, 2.32848833548e-06, 1.23831750898e-06, 1.01172304312e-06, 5.10437985213e-07, 3.23974376215e-07, 1.84288367677e-07, 1.34177014388e-07, 6.92536303859e-08, 5.17125293698e-08, 1.91046218845e-08, 5.52274337373e-10],
        "min": [2.77945200307e-23, 3.26442822593e-23, 6.665041612e-24, 4.00941331869e-23, 9.55640678734e-23, 8.45288819969e-23, 4.52181791968e-23, 5.75517323045e-23, 1.86795370867e-22, 1.37214617315e-22, 1.43715626346e-22, 9.98144188763e-23, 1.03193981036e-22, 9.49776791636e-23, 6.14198644216e-23, 2.28773196611e-22, 1.80113984058e-22, 3.05120972554e-22, 2.54325045042e-22, 2.53712055942e-22, 4.50754363937e-22, 4.71966972518e-22, 6.08075947632e-22, 9.52615201525e-22, 1.36945334281e-21, 1.87148583653e-21, 2.24977536199e-21],
        "var": [1.92606535165e-06, 0.00180824589916, 0.000507552234922, 0.000150853025843, 6.57709897496e-05, 5.6275885072e-06, 1.25248519112e-07, 2.56788013075e-07, 9.42393754144e-08, 6.95324047228e-08, 1.32350130855e-08, 1.3307824247e-06, 5.11398354774e-07, 2.84296390873e-07, 3.29412927158e-07, 7.78771891419e-08, 4.05668885151e-08, 1.67983120747e-08, 1.23578729472e-08, 2.92879698272e-09, 1.02300579119e-09, 5.95786753266e-11, 2.98848550073e-11, 9.50807071964e-11, 2.72551816186e-12, 6.85356827713e-13, 6.10714672498e-16]
    },
    "erbbands": {
        "dmean": [0.28933686018, 3.19875073433, 7.79408216476, 9.54589939117, 6.68192958832, 7.36130857468, 5.64966869354, 4.2932639122, 1.44437682629, 1.43007814884, 1.75039672852, 1.6561396122, 2.18573832512, 1.61388158798, 2.9885327816, 6.8281378746, 6.46551561356, 2.65246319771, 5.93634271622, 3.18815326691, 1.82230317593, 1.70370697975, 1.01907873154, 1.0502563715, 0.422988563776, 0.328602582216, 0.24383559823, 0.196761578321, 0.0672397315502, 0.0393946021795, 0.024679556489, 0.0179543942213, 0.00961658544838, 0.00461397971958, 0.00175853352994, 0.000911303272005, 0.000310999632347, 3.38458230544e-05, 8.7527123469e-06, 2.03125691769e-05],
        "dmean2": [0.483409494162, 5.42622804642, 12.3596124649, 15.0418701172, 11.0531482697, 12.3173570633, 9.36075592041, 7.24403047562, 2.31731677055, 2.29511499405, 2.79669642448, 2.84317564964, 3.73973274231, 2.65741443634, 5.01863288879, 11.0274600983, 9.7649230957, 4.17629146576, 9.83804798126, 5.04084014893, 2.96672105789, 2.74994850159, 1.63860797882, 1.72273755074, 0.696169137955, 0.532042503357, 0.383621811867, 0.313978493214, 0.101761244237, 0.0602080188692, 0.0372337140143, 0.0245308503509, 0.0142233204097, 0.0074112964794, 0.00268859160133, 0.00143284257501, 0.000489158031996, 5.45763541595e-05, 1.40865140565e-05, 3.29815484292e-05],
        "dvar": [0.939028203487, 80.9532546997, 400.901489258, 762.32244873, 416.12197876, 709.055847168, 183.326065063, 141.414413452, 24.9367160797, 58.0250663757, 71.1167297363, 63.6706581116, 115.121826172, 29.3965625763, 194.827926636, 652.372131348, 372.502716064, 216.165802002, 1141.75109863, 167.719543457, 118.78327179, 60.7072639465, 48.6859550476, 29.2617454529, 4.75716257095, 4.85608482361, 2.57405471802, 1.80284011364, 0.116903617978, 0.0402848161757, 0.018228687346, 0.0236862432212, 0.0103520499542, 0.000603702210356, 5.84337103646e-05, 1.49377019625e-05, 1.80657480087e-06, 3.17656621007e-08, 4.36332414644e-10, 2.5341562182e-09],
        "dvar2": [2.66075086594, 245.272888184, 1088.99926758, 1906.67773438, 1055.54345703, 1731.43591309, 504.931365967, 396.465240479, 61.5716094971, 137.983825684, 173.781921387, 172.541976929, 311.403320312, 76.83959198, 502.692626953, 1755.01916504, 869.294067383, 462.855438232, 2830.07324219, 403.849029541, 249.784515381, 128.074813843, 114.937080383, 75.89453125, 12.8811264038, 11.6108951569, 6.22905874252, 4.26242923737, 0.290197789669, 0.0963370129466, 0.0419555343688, 0.0400632731616, 0.0224696602672, 0.00128184608184, 0.000133517532959, 3.19892569678e-05, 4.40712165073e-06, 7.99145354335e-08, 1.23912957672e-09, 7.28841698105e-09],
        "max": [15.9720926285, 165.76713562, 296.707183838, 493.059173584, 254.617080688, 524.801086426, 163.685852051, 189.365875244, 81.6965179443, 235.394134521, 228.073013306, 148.442077637, 150.971847534, 110.052886963, 305.969573975, 564.407897949, 502.767852783, 422.258789062, 852.668579102, 248.767242432, 261.375488281, 179.963973999, 191.778610229, 116.923690796, 56.7701797485, 58.6371765137, 46.2658958435, 32.0829734802, 8.41689395905, 5.34915590286, 3.33144330978, 5.18596887589, 3.49708485603, 0.579627513885, 0.177068606019, 0.100336112082, 0.0317873097956, 0.00428900728002, 0.000379467761377, 0.000932420662139],
        "mean": [0.473635345697, 6.02115631104, 13.0423145294, 19.1942863464, 11.3943567276, 11.3093414307, 8.66030216217, 6.31409835815, 2.02598357201, 1.73563742638, 2.01018261909, 1.65127110481, 2.0817630291, 2.19336509705, 3.96514058113, 13.2705316544, 13.9803733826, 4.99385118484, 9.10785770416, 5.29350233078, 2.96272397041, 2.94294381142, 1.59453415871, 1.52411723137, 0.577906906605, 0.425043135881, 0.294871836901, 0.212941065431, 0.0703852176666, 0.042605035007, 0.0279695652425, 0.0230577848852, 0.0123849092051, 0.00498549547046, 0.00190538249444, 0.000956131902058, 0.000288422539597, 3.37717574439e-05, 2.14806896111e-05, 5.01173199154e-05],
        "median": [0.125320464373, 1.43765950203, 3.84322404861, 3.68718385696, 2.39678049088, 1.41927611828, 1.19591975212, 0.707016825676, 0.443251430988, 0.27436247468, 0.194477319717, 0.27421271801, 0.240296781063, 0.340306937695, 0.403001070023, 0.797063946724, 0.893530607224, 0.315735906363, 0.237635552883, 0.199899017811, 0.130052536726, 0.132381021976, 0.0735889971256, 0.0610455013812, 0.0448588207364, 0.0247266888618, 0.0154664674774, 0.011326873675, 0.00691619236022, 0.00487722922117, 0.00374859431759, 0.00185055471957, 0.000993722351268, 0.000684974365868, 0.000369385816157, 0.000190583377844, 2.42124060605e-05, 1.9475969566e-06, 7.1588387982e-06, 1.52684533532e-05],
        "min": [6.63525270961e-22, 8.26886898812e-21, 1.38040579169e-20, 6.8519990717e-20, 3.10699868971e-19, 3.04918988013e-19, 1.29516489419e-19, 9.69763182305e-19, 7.36853471939e-19, 6.76824457898e-19, 1.8290607365e-18, 4.63213532968e-18, 5.8821011882e-18, 3.97907044581e-18, 4.48871958226e-18, 4.35029462906e-18, 5.0005748094e-18, 4.85170173789e-18, 4.213519074e-18, 9.87973108541e-18, 8.94137160826e-18, 1.04518356668e-17, 1.58590342674e-17, 1.50262602595e-17, 1.07391551982e-17, 1.40791086797e-17, 1.49192743735e-17, 1.99117444672e-17, 1.77255755914e-17, 1.74393115425e-17, 1.79111568706e-17, 1.69886751253e-17, 1.6665239234e-17, 1.41951290324e-17, 1.02268243422e-17, 7.08582930484e-18, 3.64101744589e-18, 1.07043695651e-18, 3.16581614265e-19, 3.43164924406e-20],
        "var": [1.07045638561, 109.372383118, 577.857849121, 1613.94836426, 586.635681152, 970.400146484, 354.122070312, 230.116668701, 28.8164901733, 64.0898513794, 88.4771194458, 49.6009178162, 84.6092987061, 39.2231445312, 298.939086914, 1736.15856934, 1520.76989746, 359.208831787, 1674.13000488, 369.325286865, 190.518035889, 156.565338135, 80.6223983765, 54.0339736938, 6.34449291229, 5.97766399384, 2.87565922737, 1.77471363544, 0.107012145221, 0.0399685800076, 0.0211562104523, 0.0522753335536, 0.0177929457277, 0.000781746290158, 7.12725886842e-05, 1.78793943633e-05, 1.88351793895e-06, 3.21165174455e-08, 1.06225994667e-09, 6.03113914366e-09]
    },
    "gfcc": {
        "mean": [-191.173843384, 180.663772583, -72.2940063477, 41.0750961304, -8.98563671112, 20.2137699127, -19.7428359985, -11.07629776, -17.5315132141, -9.31682491302, -1.37258017063, -8.77914810181, -2.53532195091],
        "cov": [[13070.8369141, 260.526153564, -2084.70947266, -4.44809484482, 192.689559937, -258.820983887, -179.918930054, -25.1625423431, -363.087493896, 304.015991211, -214.455795288, 42.6980743408, 14.0882225037], [260.526153564, 1239.36523438, 560.021850586, -462.035583496, 246.704406738, -222.495010376, 131.961471558, -155.411315918, 55.3266983032, -83.9433135986, 186.773895264, -86.7885131836, 114.327430725], [-2084.70947266, 560.021850586, 1592.15795898, -202.179428101, -132.244949341, -50.5562400818, 133.691268921, 14.4806098938, 125.417282104, -99.8020935059, 122.251937866, -26.9251232147, 89.9371643066], [-4.44809484482, -462.035583496, -202.179428101, 491.408081055, -77.5908126831, -46.7267150879, -35.6070556641, 84.2025299072, 44.5690689087, 11.6211433411, -76.2593765259, -21.9138202667, 10.2283649445], [192.689559937, 246.704406738, -132.244949341, -77.5908126831, 432.030090332, -33.4965744019, -18.3064460754, -85.115737915, 1.40772914886, 10.6570930481, 41.1539306641, 16.7703857422, 20.4959697723], [-258.820983887, -222.495010376, -50.5562400818, -46.7267150879, -33.4965744019, 326.329071045, 21.6291370392, -37.0955429077, -49.2460708618, -13.980966568, 53.0714950562, 43.842086792, -56.8297195435], [-179.918930054, 131.961471558, 133.691268921, -35.6070556641, -18.3064460754, 21.6291370392, 269.626434326, 21.7622623444, 0.142940014601, -4.56441116333, 61.4243469238, -7.50518465042, 1.92399001122], [-25.1625423431, -155.411315918, 14.4806098938, 84.2025299072, -85.115737915, -37.0955429077, 21.7622623444, 159.99621582, 47.9665374756, 4.17706871033, -60.1869277954, -3.40740513802, 11.0388031006], [-363.087493896, 55.3266983032, 125.417282104, 44.5690689087, 1.40772914886, -49.2460708618, 0.142940014601, 47.9665374756, 126.987792969, 1.09117853642, -4.01400184631, -31.6947784424, 16.0719089508], [304.015991211, -83.9433135986, -99.8020935059, 11.6211433411, 10.6570930481, -13.980966568, -4.56441116333, 4.17706871033, 1.09117853642, 104.592826843, 1.25327777863, 20.6536769867, -16.9093074799], [-214.455795288, 186.773895264, 122.251937866, -76.2593765259, 41.1539306641, 53.0714950562, 61.4243469238, -60.1869277954, -4.01400184631, 1.25327777863, 161.946182251, 23.1105880737, 7.56409311295], [42.6980743408, -86.7885131836, -26.9251232147, -21.9138202667, 16.7703857422, 43.842086792, -7.50518465042, -3.40740513802, -31.6947784424, 20.6536769867, 23.1105880737, 105.133743286, 9.63429260254], [14.0882225037, 114.327430725, 89.9371643066, 10.2283649445, 20.4959697723, -56.8297195435, 1.92399001122, 11.0388031006, 16.0719089508, -16.9093074799, 7.56409311295, 9.63429260254, 88.9093933105]],
        "icov": [[0.000156991736731, -0.000592104857787, 0.000227535914746, -0.000369131274056, 0.000156191439601, -0.000284819747321, 0.000177576366696, -0.000390494067688, 0.000575747399125, -0.000634903728496, 0.000440035364591, -0.000289000134217, 0.000144437828567], [-0.000592104857787, 0.0081275748089, -0.00127329293173, 0.00604604557157, -0.00203920062631, 0.00513558555394, -0.00229706172831, 0.00455925380811, -0.00402797572315, 0.00519405445084, -0.00564453937113, 0.00550923217088, -0.00492933718488], [0.000227535914746, -0.00127329293173, 0.00131469231565, -0.000418029841967, 0.000800543988589, -0.000548357667867, 9.26590073504e-05, -0.00062281236751, -0.000111068911792, -0.000366370746633, 0.00041744459304, -0.000847588817123, -0.000133540161187], [-0.000369131274056, 0.00604604557157, -0.000418029841967, 0.00713718403131, -0.00105051056016, 0.00392592931166, -0.00158523116261, 0.00268015009351, -0.00374730327167, 0.00368563854136, -0.00374997453764, 0.00440319580957, -0.00444089528173], [0.000156191439601, -0.00203920062631, 0.000800543988589, -0.00105051056016, 0.00351905520074, -0.000817505118903, 0.000483732874272, 0.000583613466006, -0.000176132540219, -0.00122432399075, 0.00114210532047, -0.0020292638801, 0.00041350160609], [-0.000284819747321, 0.00513558555394, -0.000548357667867, 0.00392592931166, -0.000817505118903, 0.00763985374942, -0.00160578382201, 0.00314997811802, -0.00186505087186, 0.00461679976434, -0.0048488532193, 0.00158766983077, -0.000284526060568], [0.000177576366696, -0.00229706172831, 9.26590073504e-05, -0.00158523116261, 0.000483732874272, -0.00160578382201, 0.00520563870668, -0.00317838112824, 0.00223922031, -0.00169296795502, -0.000628993439022, -0.000408208055887, 0.00152931502089], [-0.000390494067688, 0.00455925380811, -0.00062281236751, 0.00268015009351, 0.000583613466006, 0.00314997811802, -0.00317838112824, 0.0131697626784, -0.00655428180471, 0.00293938373215, 0.000754598993808, 0.000722147466149, -0.00356521434151], [0.000575747399125, -0.00402797572315, -0.000111068911792, -0.00374730327167, -0.000176132540219, -0.00186505087186, 0.00223922031, -0.00655428180471, 0.0146765336394, -0.00466042617336, 0.00124156614766, 0.00131839804817, 0.00145766476635], [-0.000634903728496, 0.00519405445084, -0.000366370746633, 0.00368563854136, -0.00122432399075, 0.00461679976434, -0.00169296795502, 0.00293938373215, -0.00466042617336, 0.0155525300652, -0.0045380233787, -4.08506275562e-05, 0.000463991571451], [0.000440035364591, -0.00564453937113, 0.00041744459304, -0.00374997453764, 0.00114210532047, -0.0048488532193, -0.000628993439022, 0.000754598993808, 0.00124156614766, -0.0045380233787, 0.013778032735, -0.00564966071397, 0.00210747634992], [-0.000289000134217, 0.00550923217088, -0.000847588817123, 0.00440319580957, -0.0020292638801, 0.00158766983077, -0.000408208055887, 0.000722147466149, 0.00131839804817, -4.08506275562e-05, -0.00564966071397, 0.0168107934296, -0.00687290448695], [0.000144437828567, -0.00492933718488, -0.000133540161187, -0.00444089528173, 0.00041350160609, -0.000284526060568, 0.00152931502089, -0.00356521434151, 0.00145766476635, 0.000463991571451, 0.00210747634992, -0.00687290448695, 0.0187316350639]]
    },
    "melbands": {
        "dmean": [0.00315601658076, 0.00404757540673, 0.00146793772001, 0.000538707943633, 0.000195997796254, 0.000104685394035, 2.10900871025e-05, 1.56696460181e-05, 1.37518154588e-05, 1.0502249097e-05, 1.09761831482e-05, 6.72490023135e-06, 6.92990215612e-06, 1.929906648e-05, 1.62856922543e-05, 1.0515908798e-05, 5.24021243109e-06, 1.08689228e-05, 6.38582605461e-06, 3.28190208165e-06, 1.92529410015e-06, 1.78196569323e-06, 1.40994416142e-06, 6.93111132932e-07, 9.61256773735e-07, 4.11206684703e-07, 1.72194944525e-07, 2.51734093126e-07, 1.79593513394e-07, 1.46985797755e-07, 9.32526091901e-08, 4.02361273188e-08, 2.46077505039e-08, 2.19202398455e-08, 1.41664484588e-08, 1.36908644421e-08, 1.09444187046e-08, 7.61856178144e-09, 4.93189888928e-09, 3.5538516574e-09],
        "dmean2": [0.0053228600882, 0.0065307719633, 0.00232769432478, 0.000881032261532, 0.000329182978021, 0.000177984722541, 3.38996869687e-05, 2.47117404797e-05, 2.26006341109e-05, 1.78535519808e-05, 1.87950063264e-05, 1.10835626401e-05, 1.17253985081e-05, 3.26448898704e-05, 2.50475895882e-05, 1.57177928486e-05, 8.37763309391e-06, 1.78721729753e-05, 1.04277032733e-05, 5.43241912965e-06, 3.18625234286e-06, 2.84115412796e-06, 2.17815181713e-06, 1.10779728857e-06, 1.60198965204e-06, 6.87253304932e-07, 2.87252476028e-07, 4.14514033764e-07, 2.89593657499e-07, 2.40501151438e-07, 1.49173629893e-07, 6.27588718771e-08, 3.84704108569e-08, 3.38790897558e-08, 2.19040074967e-08, 2.10158361824e-08, 1.34884068359e-08, 1.213712153e-08, 8.05261723968e-09, 5.6937494719e-09],
        "dvar": [9.72067791736e-05, 9.85210281215e-05, 1.74305714609e-05, 3.12538418257e-06, 2.90612888421e-07, 8.12545550843e-08, 5.27451415877e-09, 7.56395390766e-09, 4.09728073691e-09, 2.74350853147e-09, 2.83996759443e-09, 5.13038944661e-10, 7.98662025403e-10, 1.05347517376e-08, 1.84089321564e-09, 1.23324550572e-09, 9.00906349521e-10, 4.07130773539e-09, 7.33225757887e-10, 2.46553000238e-10, 1.29760271972e-10, 5.79042543081e-11, 5.17617372575e-11, 1.97815045594e-11, 2.55034257601e-11, 4.45221160286e-12, 8.88218914651e-13, 3.23124730098e-12, 1.61354718649e-12, 9.52723902374e-13, 3.6950198218e-13, 4.25223482185e-14, 1.43448146699e-14, 1.33263100668e-14, 4.41460781911e-15, 1.56786984383e-14, 9.52252904622e-15, 8.58399621187e-15, 1.202404985e-15, 3.06258235198e-16],
        "dvar2": [0.00028977409238, 0.000283091911115, 4.30757863796e-05, 7.59050408305e-06, 7.22442962342e-07, 2.33898418855e-07, 1.30063320114e-08, 1.73579746132e-08, 1.04515489596e-08, 7.42656203201e-09, 7.66958674348e-09, 1.33073707609e-09, 2.10349804242e-09, 2.78031571099e-08, 4.65425831209e-09, 2.75124678595e-09, 1.93755811395e-09, 9.67682201036e-09, 1.920095416e-09, 5.78626424552e-10, 2.78430029033e-10, 1.28055663295e-10, 1.05601617728e-10, 4.89445949048e-11, 6.77371145286e-11, 1.18408564204e-11, 2.48093516217e-12, 7.64100154677e-12, 4.05918571325e-12, 2.01776529513e-12, 9.38779869813e-13, 1.03884586209e-13, 3.74913350419e-14, 3.07714601413e-14, 9.6144219566e-15, 3.91755516373e-14, 1.1960974271e-14, 2.04040309767e-14, 2.3964944358e-15, 6.9716454916e-16],
        "max": [0.172771543264, 0.153952047229, 0.0732732564211, 0.0330693125725, 0.00844051595777, 0.00417525367811, 0.00113208428957, 0.00281722354703, 0.00163060834166, 0.000966383959167, 0.000761844450608, 0.000450643157819, 0.000417394505348, 0.00276354746893, 0.000766939658206, 0.000974981870968, 0.000856712227687, 0.00160472246353, 0.000549853488337, 0.000287313421723, 0.000263023917796, 0.000168133410625, 0.000186322853551, 0.000115000068035, 0.000103693404526, 4.65847188025e-05, 2.52310601354e-05, 4.47929887741e-05, 3.6060482671e-05, 2.12856011785e-05, 1.37542137963e-05, 5.18142951478e-06, 2.93457492262e-06, 2.90490561383e-06, 1.49895481627e-06, 3.19565083373e-06, 4.09946960644e-06, 3.12061661134e-06, 9.9467513337e-07, 3.3828581536e-07],
        "mean": [0.00573284644634, 0.0075038340874, 0.00293367542326, 0.000892366282642, 0.000301991065498, 0.000153634653543, 2.76552564173e-05, 1.93979740288e-05, 1.56116475409e-05, 9.84582584351e-06, 1.03943011709e-05, 9.05255910766e-06, 8.04516184871e-06, 3.1876443245e-05, 3.6344405089e-05, 2.12586692214e-05, 7.70705355535e-06, 1.53258824866e-05, 9.96192284219e-06, 5.12019323651e-06, 2.85714963866e-06, 2.97593555842e-06, 2.21048867388e-06, 9.91205979517e-07, 1.32633829253e-06, 5.6255379377e-07, 2.16522565211e-07, 3.17358114899e-07, 2.10160635561e-07, 1.70440031866e-07, 9.41058502235e-08, 4.06267020026e-08, 2.63270045764e-08, 2.25710827806e-08, 1.61984932134e-08, 1.449590048e-08, 1.40335592036e-08, 9.8651051772e-09, 5.52136247833e-09, 3.61195517939e-09],
        "median": [0.00146821013186, 0.00209044711664, 0.000650757108815, 0.000133695633849, 3.95530041715e-05, 1.7682377802e-05, 5.59857971894e-06, 2.48690912485e-06, 1.62180913321e-06, 1.59524438459e-06, 1.08022368295e-06, 1.25027838749e-06, 1.15107741294e-06, 1.45348349179e-06, 2.37541917159e-06, 1.3123460576e-06, 4.08598566537e-07, 3.14731465778e-07, 2.84080613255e-07, 2.00310694254e-07, 1.30448057689e-07, 1.45025296661e-07, 7.88339633573e-08, 5.22730410069e-08, 4.50304895594e-08, 3.54231346478e-08, 2.24004992333e-08, 1.40095197665e-08, 1.02809600833e-08, 7.78356312736e-09, 5.78783687644e-09, 3.74609321341e-09, 2.87047940972e-09, 2.48906961708e-09, 2.27960050836e-09, 1.52320511759e-09, 9.15427289527e-10, 6.22811024975e-10, 6.53952780816e-10, 4.84948081692e-10],
        "min": [9.26047445399e-24, 8.7321837721e-24, 1.82806902752e-23, 2.63676394694e-23, 5.17977351079e-24, 1.97771483684e-23, 1.16849153839e-23, 9.04013455911e-24, 1.62158957652e-23, 2.9544131477e-23, 2.76850356034e-23, 1.39175242743e-23, 1.6379879437e-23, 9.48384988564e-24, 1.11164929812e-23, 1.26875299843e-23, 8.518508963e-24, 6.9101619945e-24, 7.38743151963e-24, 1.80070659817e-23, 8.60846750519e-24, 1.0874886974e-23, 1.21879696166e-23, 1.56721023888e-23, 1.21061237199e-23, 8.56862529631e-24, 8.13130053198e-24, 8.8022361982e-24, 7.87807381482e-24, 1.13933058505e-23, 1.13870841046e-23, 1.06657891359e-23, 8.09275994359e-24, 1.03348556752e-23, 1.12384903202e-23, 8.01465798081e-24, 1.12007922352e-23, 1.15094877069e-23, 1.26040408904e-23, 1.18367868854e-23],
        "var": [0.000118613563245, 0.000159968694788, 3.53052018909e-05, 4.71429984827e-06, 4.75289198221e-07, 1.32630063376e-07, 5.97379479217e-09, 9.07189079413e-09, 4.80963713301e-09, 2.00318295285e-09, 2.10584816251e-09, 7.19463932874e-10, 9.41416056222e-10, 2.11930721861e-08, 6.72850752892e-09, 5.28823518309e-09, 1.22684606918e-09, 5.65982016809e-09, 1.42993916707e-09, 4.22391455146e-10, 1.88169646531e-10, 1.45461448442e-10, 1.19823762024e-10, 2.88976585716e-11, 4.32901631209e-11, 6.66583194892e-12, 8.50525108242e-13, 3.99566447637e-12, 1.67807543035e-12, 1.14840884198e-12, 3.11945754601e-13, 3.86044854124e-14, 1.32178288632e-14, 1.31581774149e-14, 5.40408841469e-15, 1.56504786886e-14, 2.55644826461e-14, 1.37391810304e-14, 1.67315222752e-15, 3.37101563543e-16]
    },
    "mfcc": {
        "mean": [-838.665710449, 194.87361145, 25.3558750153, 39.6967697144, 34.4908638, 31.6308574677, 19.2095146179, 8.91983795166, -0.932771980762, -2.0630428791, 0.034505866468, 2.40394639969, 0.640454232693],
        "cov": [[9259.44433594, 1493.56469727, -2747.10986328, 324.843322754, -202.846115112, 18.5795536041, -167.417129517, -268.772064209, -45.4710769653, -79.6757507324, -75.3586502075, 16.1323871613, -79.5425872803], [1493.56469727, 1974.14916992, 28.3501548767, -233.049133301, 36.6764678955, -48.2110748291, 77.8997497559, -69.3935394287, -71.1541748047, -84.9252471924, -24.3180484772, 82.653503418, 40.5136795044], [-2747.10986328, 28.3501548767, 1705.79858398, -54.665813446, -104.538337708, -59.9552841187, 50.1063766479, 111.571983337, 24.7438488007, 44.7407684326, -20.597826004, 0.834070980549, 87.4026947021], [324.843322754, -233.049133301, -54.665813446, 455.752380371, -1.20697724819, -94.8719787598, -73.2500762939, -47.8046455383, 89.7777175903, 79.0546188354, -14.1776981354, -56.7551307678, -22.3666400909], [-202.846115112, 36.6764678955, -104.538337708, -1.20697724819, 335.17276001, 45.7030525208, -59.522403717, -31.8318138123, -18.222990036, -15.4437065125, -23.2470207214, 1.81391835213, -21.2141475677], [18.5795536041, -48.2110748291, -59.9552841187, -94.8719787598, 45.7030525208, 193.49269104, 83.7049255371, 12.5593442917, -61.8470039368, -51.9705047607, 24.7594947815, 31.053068161, 6.02855396271], [-167.417129517, 77.8997497559, 50.1063766479, -73.2500762939, -59.522403717, 83.7049255371, 203.233047485, 60.9194374084, -42.0045547485, -46.9225921631, 24.7788734436, 52.8780403137, 31.6047649384], [-268.772064209, -69.3935394287, 111.571983337, -47.8046455383, -31.8318138123, 12.5593442917, 60.9194374084, 125.929389954, 27.0466003418, -3.93799686432, -2.79221129417, 15.0895328522, 43.3995056152], [-45.4710769653, -71.1541748047, 24.7438488007, 89.7777175903, -18.222990036, -61.8470039368, -42.0045547485, 27.0466003418, 131.71635437, 65.2986373901, -12.038816452, -47.405544281, -9.25365257263], [-79.6757507324, -84.9252471924, 44.7407684326, 79.0546188354, -15.4437065125, -51.9705047607, -46.9225921631, -3.93799686432, 65.2986373901, 105.850196838, 26.3071346283, -30.8880176544, -27.0346240997], [-75.3586502075, -24.3180484772, -20.597826004, -14.1776981354, -23.2470207214, 24.7594947815, 24.7788734436, -2.79221129417, -12.038816452, 26.3071346283, 83.322517395, 33.6220016479, -4.92948532104], [16.1323871613, 82.653503418, 0.834070980549, -56.7551307678, 1.81391835213, 31.053068161, 52.8780403137, 15.0895328522, -47.405544281, -30.8880176544, 33.6220016479, 111.517822266, 51.6951141357], [-79.5425872803, 40.5136795044, 87.4026947021, -22.3666400909, -21.2141475677, 6.02855396271, 31.6047649384, 43.3995056152, -9.25365257263, -27.0346240997, -4.92948532104, 51.6951141357, 99.6576461792]],
